1.000000000000000000e+00 -6.556349910667800263e-01
1.000000000000000000e+00 -4.663750271002355396e-01
0.000000000000000000e+00 -4.910307411060736982e-01
0.000000000000000000e+00 5.795042901921741985e-01
0.000000000000000000e+00 -3.796588809687347910e-01
1.000000000000000000e+00 2.992974337853542832e-01
1.000000000000000000e+00 1.146533534263294074e+00
0.000000000000000000e+00 -1.785562276399404180e-01
0.000000000000000000e+00 1.128835192635990470e-01
0.000000000000000000e+00 4.968712708653913457e-01
0.000000000000000000e+00 -6.468297244819352088e-01
0.000000000000000000e+00 4.504029747456416155e-01
1.000000000000000000e+00 -5.217519531751953210e-02
1.000000000000000000e+00 -1.082870961013958216e-01
1.000000000000000000e+00 -6.597793269299421226e-01
1.000000000000000000e+00 -5.663540615619205854e-02
1.000000000000000000e+00 -6.114990134297680902e-01
0.000000000000000000e+00 -7.488495360328601969e-01
0.000000000000000000e+00 -2.837886058984633308e-01
1.000000000000000000e+00 7.844364654519454527e-01
1.000000000000000000e+00 5.867848382813820596e-01
1.000000000000000000e+00 -2.514645747690881783e-01
1.000000000000000000e+00 2.162895391958567226e-01
0.000000000000000000e+00 2.297747146286622522e-01
0.000000000000000000e+00 -6.641589518692072591e-01
1.000000000000000000e+00 2.579514353536688231e-01
1.000000000000000000e+00 -3.749855904638315085e-01
0.000000000000000000e+00 7.922745030659726628e-02
0.000000000000000000e+00 -2.046191477494155309e-01
0.000000000000000000e+00 7.891721902302167857e-02
1.000000000000000000e+00 1.835777660882227380e-01
0.000000000000000000e+00 8.386814680888339257e-01
0.000000000000000000e+00 9.591822377485342832e-02
1.000000000000000000e+00 5.999263834494620307e-01
0.000000000000000000e+00 7.490398317848592780e-02
1.000000000000000000e+00 7.418034204170366186e-01
1.000000000000000000e+00 -7.642273156687470204e-01
1.000000000000000000e+00 -5.299251041579959853e-01
0.000000000000000000e+00 3.164196859246449223e-01
0.000000000000000000e+00 -3.957384655432949483e-01
1.000000000000000000e+00 -6.919603846908067846e-01
1.000000000000000000e+00 8.905878255709906433e-02
0.000000000000000000e+00 5.966694393923217543e-01
1.000000000000000000e+00 5.231802679349562696e-02
0.000000000000000000e+00 -8.758624129159061633e-01
1.000000000000000000e+00 -1.362098566044495640e-01
1.000000000000000000e+00 -4.334207400945546129e-01
1.000000000000000000e+00 1.928177310640877828e-01
1.000000000000000000e+00 -8.563123389222447590e-02
1.000000000000000000e+00 -2.153250127112260048e-01
0.000000000000000000e+00 -9.996829852173255704e-01
0.000000000000000000e+00 -8.734365741254067617e-01
0.000000000000000000e+00 8.620208909805222586e-01
0.000000000000000000e+00 -4.882528080641832524e-01
1.000000000000000000e+00 3.413458807647006821e-01
0.000000000000000000e+00 -7.329347371820851276e-01
1.000000000000000000e+00 -1.434693650536355558e-01
0.000000000000000000e+00 -4.214749916393874252e-02
1.000000000000000000e+00 1.854493161955139968e-01
0.000000000000000000e+00 4.397620467888094797e-01
0.000000000000000000e+00 2.359657033423916417e-01
1.000000000000000000e+00 -3.974538279546615538e-01
0.000000000000000000e+00 2.270851554475261935e-01
0.000000000000000000e+00 -3.847996554949144610e-01
0.000000000000000000e+00 -1.221270572947563415e-01
0.000000000000000000e+00 2.041339038131557704e-01
1.000000000000000000e+00 -4.963492042452521957e-02
1.000000000000000000e+00 -2.657267710375003089e-01
0.000000000000000000e+00 6.666250710881206354e-01
0.000000000000000000e+00 -1.245254255961851936e-01
1.000000000000000000e+00 -3.956528899377649566e-02
1.000000000000000000e+00 -6.554128192338576353e-01
1.000000000000000000e+00 1.274518769702102650e-01
1.000000000000000000e+00 2.647432345647411367e-01
0.000000000000000000e+00 8.512845656271396111e-01
0.000000000000000000e+00 -1.354606706012725925e-01
1.000000000000000000e+00 1.399309322732461003e-01
0.000000000000000000e+00 5.478113952189905822e-01
1.000000000000000000e+00 4.766692983502178182e-01
1.000000000000000000e+00 -2.876441118239690398e-01
1.000000000000000000e+00 2.476257720976122734e-01
1.000000000000000000e+00 2.496894940063232315e-01
1.000000000000000000e+00 2.021611041074145854e-01
1.000000000000000000e+00 3.427707269097345355e-01
1.000000000000000000e+00 -2.349547078489207241e-01
0.000000000000000000e+00 5.474007228112608425e-01
0.000000000000000000e+00 -9.605218720947016342e-01
1.000000000000000000e+00 -1.031948812538513227e+00
1.000000000000000000e+00 2.526804591625458341e-01
0.000000000000000000e+00 3.545182899127818366e-01
1.000000000000000000e+00 -2.117750224140756976e-01
1.000000000000000000e+00 -1.484574466225281775e+00
1.000000000000000000e+00 -7.076768090573287706e-01
0.000000000000000000e+00 -1.001922032408140012e-01
1.000000000000000000e+00 -9.751560215240081542e-01
1.000000000000000000e+00 -2.814275133596948475e-01
1.000000000000000000e+00 1.442125930502632936e-01
1.000000000000000000e+00 -1.800886673853372907e-02
1.000000000000000000e+00 -1.686639953478480392e-01
0.000000000000000000e+00 -4.130705512754196396e-01
0.000000000000000000e+00 -6.498061489425399628e-02
1.000000000000000000e+00 -1.425094299900814265e-01
0.000000000000000000e+00 3.811160107208744208e-01
1.000000000000000000e+00 -2.652482588394707852e-01
0.000000000000000000e+00 1.389883804353544972e-01
0.000000000000000000e+00 3.653179783152943338e-01
1.000000000000000000e+00 7.749231685535746816e-01
0.000000000000000000e+00 7.796118098868600743e-01
0.000000000000000000e+00 -1.422927279531761291e-01
1.000000000000000000e+00 -5.520206096076857305e-01
1.000000000000000000e+00 -2.610302826348598684e-02
1.000000000000000000e+00 -6.436524089160998718e-01
1.000000000000000000e+00 7.513109637192152968e-02
1.000000000000000000e+00 -9.031072981617294104e-02
1.000000000000000000e+00 5.954220576260537134e-01
0.000000000000000000e+00 -1.271646432923360659e-01
0.000000000000000000e+00 3.189459289153593891e-01
0.000000000000000000e+00 6.847179126888515155e-01
0.000000000000000000e+00 7.393694749568731073e-01
1.000000000000000000e+00 -2.804909332206579342e-01
0.000000000000000000e+00 6.481246302019877392e-02
0.000000000000000000e+00 -3.777536182022352418e-01
1.000000000000000000e+00 2.367685825259844834e-01
1.000000000000000000e+00 5.245211629395531983e-01
0.000000000000000000e+00 7.254486011332009210e-02
1.000000000000000000e+00 -5.386618104134460738e-01
0.000000000000000000e+00 9.663958069080366142e-01
0.000000000000000000e+00 6.990425662573408472e-01
0.000000000000000000e+00 3.800184040584023704e-01
0.000000000000000000e+00 3.000808645261693330e-01
0.000000000000000000e+00 -2.445786400044512865e-01
1.000000000000000000e+00 -4.850140836687653612e-01
0.000000000000000000e+00 1.980858283280172993e-01
0.000000000000000000e+00 6.990962338468917903e-01
0.000000000000000000e+00 -8.738633771663052718e-02
1.000000000000000000e+00 -3.340635792518953928e-01
1.000000000000000000e+00 -1.263821349078583511e-01
1.000000000000000000e+00 -1.125760633683860201e-01
1.000000000000000000e+00 3.709200272487085392e-01
0.000000000000000000e+00 8.618675886099431693e-01
1.000000000000000000e+00 2.166984561766854556e-01
0.000000000000000000e+00 -7.707458377433060726e-01
0.000000000000000000e+00 -1.904009970425375037e-02
0.000000000000000000e+00 2.674396850044715168e-01
0.000000000000000000e+00 -9.800611782975418573e-02
1.000000000000000000e+00 1.963823220234010292e-01
1.000000000000000000e+00 1.803814964698182421e-01
0.000000000000000000e+00 8.432058096818563497e-02
1.000000000000000000e+00 -3.422721667588805583e-01
0.000000000000000000e+00 6.873115920609170759e-01
0.000000000000000000e+00 2.972283949270252967e-01
1.000000000000000000e+00 3.358948672809583536e-01
1.000000000000000000e+00 -1.605780048942626048e-01
1.000000000000000000e+00 -7.601551977477413180e-01
1.000000000000000000e+00 1.353339962539159003e-01
1.000000000000000000e+00 -1.029375919311066756e+00
1.000000000000000000e+00 -1.137461790597029898e+00
0.000000000000000000e+00 -2.092283173665957785e-01
1.000000000000000000e+00 7.692760263755572814e-02
1.000000000000000000e+00 5.395679662323882297e-01
0.000000000000000000e+00 1.508516374278552341e+00
0.000000000000000000e+00 1.056275448762099556e-01
1.000000000000000000e+00 5.036592120071832213e-01
1.000000000000000000e+00 -1.303666762561460357e-01
0.000000000000000000e+00 -2.870049449840826258e-02
0.000000000000000000e+00 -5.050356303292932170e-01
1.000000000000000000e+00 -2.737427114994893662e-01
0.000000000000000000e+00 -3.890571771739468887e-01
0.000000000000000000e+00 6.714589604227150232e-01
0.000000000000000000e+00 2.345510955208150727e-01
0.000000000000000000e+00 -5.729774494291342002e-01
0.000000000000000000e+00 -1.774125629383734581e-01
1.000000000000000000e+00 1.657107152283537610e-01
1.000000000000000000e+00 1.459289644939454900e-01
0.000000000000000000e+00 -8.442486644883097080e-01
1.000000000000000000e+00 -4.120101281540141103e-01
1.000000000000000000e+00 -7.662271437125683926e-02
0.000000000000000000e+00 -3.022102420439408688e-01
0.000000000000000000e+00 3.017718390034461740e-01
0.000000000000000000e+00 1.271859195499703610e+00
0.000000000000000000e+00 2.221638852697176703e-01
1.000000000000000000e+00 7.230386959804603331e-01
1.000000000000000000e+00 -3.350595348966007858e-01
1.000000000000000000e+00 7.346932494761733434e-02
0.000000000000000000e+00 -4.719506017510419760e-01
0.000000000000000000e+00 4.975934661651915114e-01
1.000000000000000000e+00 -2.606011692707301819e-01
1.000000000000000000e+00 3.558426150588918646e-01
1.000000000000000000e+00 6.681900666958207058e-01
0.000000000000000000e+00 3.812197741574089305e-01
0.000000000000000000e+00 -2.184372944374758374e-01
1.000000000000000000e+00 -2.566486457444114300e-01
0.000000000000000000e+00 -2.633343248699599945e-02
0.000000000000000000e+00 7.796760949729192314e-01
1.000000000000000000e+00 -4.305010321619474056e-01
1.000000000000000000e+00 -1.159480460394135271e-01
1.000000000000000000e+00 -1.112279555701377841e-02
1.000000000000000000e+00 -1.814373804454242622e-01
0.000000000000000000e+00 1.117240658002734699e-01
0.000000000000000000e+00 1.458081200055677540e-01
1.000000000000000000e+00 5.058900336903370265e-01
0.000000000000000000e+00 2.056823600312112088e-01
1.000000000000000000e+00 -1.770049407201443048e-01
1.000000000000000000e+00 1.230163946874089920e-01
0.000000000000000000e+00 -4.120985061609449551e-01
1.000000000000000000e+00 5.737667087062862104e-01
1.000000000000000000e+00 -2.784146506025108048e-01
0.000000000000000000e+00 7.112570969611797453e-03
0.000000000000000000e+00 -6.765044186058962739e-01
0.000000000000000000e+00 -7.145458970980875790e-01
0.000000000000000000e+00 -6.273373333337530777e-01
1.000000000000000000e+00 -1.225649616351644558e-02
1.000000000000000000e+00 2.038361221845135240e-01
1.000000000000000000e+00 -3.731042833741049503e-02
0.000000000000000000e+00 3.467687184782757351e-03
1.000000000000000000e+00 5.657562204240434295e-02
1.000000000000000000e+00 -4.286900611470925160e-01
0.000000000000000000e+00 1.413937177155231428e-01
0.000000000000000000e+00 6.826614483869668515e-01
1.000000000000000000e+00 -6.873759700315770216e-01
0.000000000000000000e+00 4.617677751428453381e-01
0.000000000000000000e+00 1.860144273008387805e-01
0.000000000000000000e+00 3.414133721061590743e-01
1.000000000000000000e+00 2.578566134031490265e-01
0.000000000000000000e+00 6.788306131319719050e-01
0.000000000000000000e+00 -5.803238834756705433e-01
1.000000000000000000e+00 4.115526315598773133e-01
0.000000000000000000e+00 3.112689504524837614e-01
0.000000000000000000e+00 -3.957288852669486046e-01
0.000000000000000000e+00 3.655006785530456881e-02
1.000000000000000000e+00 5.150099360072980526e-01
0.000000000000000000e+00 4.686679759617370933e-01
1.000000000000000000e+00 -5.432853545317835320e-02
1.000000000000000000e+00 5.003446020658681714e-01
0.000000000000000000e+00 7.202977159665140128e-02
0.000000000000000000e+00 9.191567688563488936e-01
1.000000000000000000e+00 -3.017739477892750766e-01
0.000000000000000000e+00 3.608454311754175775e-02
1.000000000000000000e+00 -6.594619948056920089e-01
0.000000000000000000e+00 -4.402996249936624862e-02
1.000000000000000000e+00 -1.548484736461723799e-01
1.000000000000000000e+00 -1.192400438987363531e-02
1.000000000000000000e+00 -4.382966693484445231e-01
0.000000000000000000e+00 3.752798541864257320e-01
0.000000000000000000e+00 -3.358990932813964991e-01
0.000000000000000000e+00 -6.026720859465324320e-01
1.000000000000000000e+00 7.896310576088190480e-02
1.000000000000000000e+00 7.998960266258107188e-01
1.000000000000000000e+00 -3.186675235695225483e-01
0.000000000000000000e+00 1.821096964683522890e-01
1.000000000000000000e+00 -1.662740858637916375e-01
0.000000000000000000e+00 -1.612177274965959084e-01
1.000000000000000000e+00 3.593719511771643060e-01
0.000000000000000000e+00 -2.296055581511574906e-01
0.000000000000000000e+00 1.501392072972932146e-01
1.000000000000000000e+00 2.203004587366585443e-01
0.000000000000000000e+00 -4.000533779784807287e-01
1.000000000000000000e+00 -2.890007634299414652e-01
0.000000000000000000e+00 -1.843138023922405444e-01
1.000000000000000000e+00 3.177307205511456512e-01
1.000000000000000000e+00 -1.142141435338422661e-01
0.000000000000000000e+00 -4.134470998562838062e-01
0.000000000000000000e+00 -1.074114789455679286e+00
1.000000000000000000e+00 7.816585473131004713e-01
0.000000000000000000e+00 1.651623968923222052e-01
0.000000000000000000e+00 -3.084780709083412287e-01
0.000000000000000000e+00 4.167637798733522803e-01
0.000000000000000000e+00 -9.398689273979315972e-02
0.000000000000000000e+00 -4.928573984527526153e-01
1.000000000000000000e+00 5.917506591915706604e-01
1.000000000000000000e+00 -7.027187536308610039e-02
0.000000000000000000e+00 6.325474396151067324e-01
1.000000000000000000e+00 3.314123828368794600e-01
0.000000000000000000e+00 -4.334843818074030630e-01
1.000000000000000000e+00 -4.237691351003761708e-01
0.000000000000000000e+00 8.861124587901966776e-02
0.000000000000000000e+00 1.088087395542153724e+00
0.000000000000000000e+00 1.514216067428452162e-01
0.000000000000000000e+00 9.499680031631937416e-01
1.000000000000000000e+00 1.126332505249590388e-01
0.000000000000000000e+00 -5.910765975175047426e-01
0.000000000000000000e+00 6.201811896448202743e-01
0.000000000000000000e+00 2.028703359267715611e-01
0.000000000000000000e+00 2.907084846736770478e-01
0.000000000000000000e+00 3.678608415829430767e-01
0.000000000000000000e+00 5.891961154332873152e-01
0.000000000000000000e+00 4.722165185887138850e-01
1.000000000000000000e+00 7.285966415757733072e-02
0.000000000000000000e+00 -1.365158968461182898e+00
0.000000000000000000e+00 1.085719672354281906e+00
1.000000000000000000e+00 -1.377349040723781615e+00
0.000000000000000000e+00 3.465331507997166938e-01
0.000000000000000000e+00 5.115567779569887286e-01
0.000000000000000000e+00 2.881184077408445177e-01
0.000000000000000000e+00 -5.496399515176348949e-01
0.000000000000000000e+00 -1.527710288930751725e-01
0.000000000000000000e+00 2.959759828245980273e-01
0.000000000000000000e+00 3.567488564820575081e-01
1.000000000000000000e+00 1.042274441048320455e+00
1.000000000000000000e+00 2.687626313283765223e-01
0.000000000000000000e+00 2.254956499431885197e-01
1.000000000000000000e+00 -8.928160348221533815e-02
0.000000000000000000e+00 2.027862602107704526e-01
1.000000000000000000e+00 7.221963051004119949e-01
0.000000000000000000e+00 5.456160886898294704e-01
0.000000000000000000e+00 -8.671945497190076679e-01
0.000000000000000000e+00 3.334203998226188959e-01
1.000000000000000000e+00 5.382039308889805529e-01
0.000000000000000000e+00 -6.645620961357017187e-01
1.000000000000000000e+00 -8.516702355773955735e-02
0.000000000000000000e+00 4.948984510694430794e-01
1.000000000000000000e+00 1.483286391845765606e-01
0.000000000000000000e+00 -4.501198363402770380e-02
0.000000000000000000e+00 -1.165186328513648228e-01
1.000000000000000000e+00 7.421591569882729500e-01
1.000000000000000000e+00 -1.796030206336748369e-01
0.000000000000000000e+00 7.764904783258752552e-02
1.000000000000000000e+00 -4.668618447431926444e-01
1.000000000000000000e+00 -8.884540812894254902e-01
1.000000000000000000e+00 -3.291177653173765205e-01
0.000000000000000000e+00 -6.267463011904242931e-01
0.000000000000000000e+00 -3.717225129959492724e-01
0.000000000000000000e+00 2.103944669475291684e-01
1.000000000000000000e+00 6.434378375790631432e-01
0.000000000000000000e+00 1.193771632402078620e-01
1.000000000000000000e+00 -5.280763312716042768e-02
1.000000000000000000e+00 -6.324599010542780730e-01
1.000000000000000000e+00 -2.603170386284911486e-01
0.000000000000000000e+00 2.060795806141893782e-01
1.000000000000000000e+00 -2.783736355203548785e-01
0.000000000000000000e+00 -2.287655898256159004e-01
1.000000000000000000e+00 4.249587736842713737e-01
0.000000000000000000e+00 -5.085907466447978642e-01
0.000000000000000000e+00 -1.000005992289683343e+00
1.000000000000000000e+00 1.253711303214135042e-01
1.000000000000000000e+00 5.235304559135262048e-01
1.000000000000000000e+00 -4.567727239204311673e-01
1.000000000000000000e+00 -4.558269930738237385e-02
0.000000000000000000e+00 7.412702300554105950e-01
1.000000000000000000e+00 -5.821212979522683018e-01
1.000000000000000000e+00 6.454293828103829789e-01
1.000000000000000000e+00 8.853057599399123678e-02
0.000000000000000000e+00 8.013345698552765128e-01
0.000000000000000000e+00 5.028954810064277803e-01
1.000000000000000000e+00 -5.582216732968788842e-01
0.000000000000000000e+00 3.575431438015900243e-01
1.000000000000000000e+00 -1.698603013209767643e-01
0.000000000000000000e+00 3.749579707137974394e-01
1.000000000000000000e+00 5.547620545987925755e-01
0.000000000000000000e+00 8.624149409573599045e-02
1.000000000000000000e+00 5.277699015080057343e-01
1.000000000000000000e+00 -3.235410406919533854e-01
1.000000000000000000e+00 -2.641554006166610402e-01
1.000000000000000000e+00 -7.057201540944272322e-01
0.000000000000000000e+00 -7.852403608294272752e-01
1.000000000000000000e+00 1.015703168183395677e+00
1.000000000000000000e+00 2.428593473497089317e-01
1.000000000000000000e+00 -8.077336595025181865e-01
1.000000000000000000e+00 2.910276975684015777e-01
1.000000000000000000e+00 -2.358410093661437168e-01
1.000000000000000000e+00 5.751465453648200166e-01
0.000000000000000000e+00 -8.913587647355283305e-01
0.000000000000000000e+00 -3.476171511578480811e-01
1.000000000000000000e+00 1.618418696090404285e-01
0.000000000000000000e+00 -3.055525576291711065e-01
1.000000000000000000e+00 -1.979096457767052231e-01
1.000000000000000000e+00 1.545827569948456659e-01
1.000000000000000000e+00 9.637524139411368651e-02
1.000000000000000000e+00 -1.891418055191109171e-01
0.000000000000000000e+00 -5.273753214225276320e-01
0.000000000000000000e+00 -1.527693172348051631e-01
0.000000000000000000e+00 -1.009327354267762100e+00
0.000000000000000000e+00 -6.733918511735466073e-01
1.000000000000000000e+00 -3.328916901005568585e-01
0.000000000000000000e+00 -4.137822429693550214e-02
0.000000000000000000e+00 5.354268647907266532e-01
0.000000000000000000e+00 1.149170671357452878e-01
0.000000000000000000e+00 6.370661545277457316e-01
0.000000000000000000e+00 -2.821500994256904704e-01
0.000000000000000000e+00 1.209074295393985365e-01
0.000000000000000000e+00 6.695233761566632413e-01
0.000000000000000000e+00 2.005026880545151546e-01
1.000000000000000000e+00 6.735039470078771906e-01
1.000000000000000000e+00 -3.019087423490202093e-01
0.000000000000000000e+00 1.354270836683052204e-01
1.000000000000000000e+00 -1.626743812202256778e-01
1.000000000000000000e+00 7.393477873231035780e-02
0.000000000000000000e+00 -1.501826277706195256e-01
0.000000000000000000e+00 -6.150665111444980626e-01
0.000000000000000000e+00 4.877943560546271762e-01
0.000000000000000000e+00 -9.218486492187440151e-02
0.000000000000000000e+00 5.534245821280053823e-01
1.000000000000000000e+00 1.872132449859068015e-01
0.000000000000000000e+00 -1.491479149319944186e-01
0.000000000000000000e+00 2.125857086616350644e-02
1.000000000000000000e+00 1.533913935341834345e-01
1.000000000000000000e+00 -2.065464900108437696e-01
1.000000000000000000e+00 -1.050551315718478013e-01
0.000000000000000000e+00 -4.049314757199010684e-01
1.000000000000000000e+00 1.047394325132090381e-01
1.000000000000000000e+00 3.457548277344436594e-01
0.000000000000000000e+00 3.223571335834433949e-02
0.000000000000000000e+00 -3.866927736088924261e-01
1.000000000000000000e+00 3.382048873853938931e-01
0.000000000000000000e+00 8.911436675736017499e-02
1.000000000000000000e+00 2.631946766752603639e-01
0.000000000000000000e+00 -3.879184036615573317e-01
1.000000000000000000e+00 2.353607145867079586e-01
0.000000000000000000e+00 -5.677055647289019902e-01
1.000000000000000000e+00 -1.122796718344025307e-01
0.000000000000000000e+00 3.544360415366544781e-01
0.000000000000000000e+00 3.740026174371856027e-01
1.000000000000000000e+00 -5.340095311514471144e-01
0.000000000000000000e+00 7.975999899619786726e-01
0.000000000000000000e+00 -2.519711286876986645e-01
1.000000000000000000e+00 -2.093541106480230340e-01
1.000000000000000000e+00 5.894436302591246069e-01
1.000000000000000000e+00 5.799334953915324248e-02
0.000000000000000000e+00 9.416210799671045906e-02
0.000000000000000000e+00 9.657620557803711647e-02
0.000000000000000000e+00 -7.654928452618556811e-01
0.000000000000000000e+00 -5.768210515584771825e-01
1.000000000000000000e+00 -4.944636420332151894e-01
1.000000000000000000e+00 1.371689573927025396e+00
1.000000000000000000e+00 8.758830056708241107e-01
0.000000000000000000e+00 1.001236015081233624e-02
1.000000000000000000e+00 -2.697894749548882531e-01
0.000000000000000000e+00 3.503385952269290060e-01
1.000000000000000000e+00 3.945444629858700369e-01
0.000000000000000000e+00 3.445650059241608387e-01
1.000000000000000000e+00 -1.982763307364797944e-01
1.000000000000000000e+00 2.892246198550408876e-01
0.000000000000000000e+00 2.922459323791766206e-01
0.000000000000000000e+00 -6.123716347745082889e-01
0.000000000000000000e+00 -6.969279588453345387e-01
0.000000000000000000e+00 -2.049393133499581229e-02
1.000000000000000000e+00 -5.541538230579053925e-01
0.000000000000000000e+00 -2.194662375160542633e-01
1.000000000000000000e+00 -7.926270962833606992e-01
0.000000000000000000e+00 -1.263024971687438935e-02
1.000000000000000000e+00 4.225447853088307865e-02
1.000000000000000000e+00 -4.005741420365331318e-01
0.000000000000000000e+00 3.204562066519467400e-01
1.000000000000000000e+00 1.323176279177294690e-01
0.000000000000000000e+00 6.085974059165904365e-02
1.000000000000000000e+00 -8.894754180877659788e-01
1.000000000000000000e+00 -6.949893054560894734e-02
1.000000000000000000e+00 7.957410820483185043e-02
0.000000000000000000e+00 4.811338712105815985e-01
1.000000000000000000e+00 4.957818874986440194e-02
1.000000000000000000e+00 -3.548160438413393014e-01
0.000000000000000000e+00 -2.019971044665945514e-01
1.000000000000000000e+00 4.417405859718213645e-01
0.000000000000000000e+00 5.080536992112357764e-01
1.000000000000000000e+00 6.183936686186406462e-01
0.000000000000000000e+00 -3.333376804453275222e-01
1.000000000000000000e+00 1.541550857032230604e-01
1.000000000000000000e+00 -3.938185402224267384e-01
1.000000000000000000e+00 5.968386986236263736e-01
0.000000000000000000e+00 -6.887809871214897184e-01
0.000000000000000000e+00 -5.388600647301440283e-01
1.000000000000000000e+00 8.200552231910225309e-01
0.000000000000000000e+00 2.477843443028289114e-02
1.000000000000000000e+00 -1.405650075171124280e+00
1.000000000000000000e+00 1.145133230356163878e+00
1.000000000000000000e+00 3.907529598084782396e-01
1.000000000000000000e+00 2.951496221504379958e-01
0.000000000000000000e+00 3.871109758131505152e-01
0.000000000000000000e+00 6.004264926715785489e-01
1.000000000000000000e+00 9.282929108091811377e-02
1.000000000000000000e+00 4.673199147180565061e-01
1.000000000000000000e+00 6.334783338003437125e-02
1.000000000000000000e+00 -2.690766778913058488e-01
1.000000000000000000e+00 1.918363695060444629e-01
0.000000000000000000e+00 -6.040152081348796331e-01
1.000000000000000000e+00 4.042084169965887153e-01
0.000000000000000000e+00 -3.677931295679851553e-01
0.000000000000000000e+00 2.999177667663895930e-01
1.000000000000000000e+00 2.019054392610389326e-01
1.000000000000000000e+00 7.939107795849708049e-01
0.000000000000000000e+00 4.539041046423755166e-01
1.000000000000000000e+00 1.359943240872664716e-01
0.000000000000000000e+00 5.164448388973849058e-01
1.000000000000000000e+00 -2.953810645612951410e-02
0.000000000000000000e+00 -7.374269440572823152e-03
1.000000000000000000e+00 2.792105344445359738e-01
0.000000000000000000e+00 -3.904326174931578297e-01
1.000000000000000000e+00 -2.454525851482081411e-01
0.000000000000000000e+00 6.398668935757160225e-01
0.000000000000000000e+00 2.615308106331002413e-01
1.000000000000000000e+00 -5.646276879517483360e-01
0.000000000000000000e+00 -2.207726262155499941e-01
0.000000000000000000e+00 -4.914245480525897269e-02
0.000000000000000000e+00 -9.735223094900792573e-02
0.000000000000000000e+00 8.716039592605518971e-01
1.000000000000000000e+00 -1.131284845420932772e+00
0.000000000000000000e+00 -6.356223789422482673e-01
0.000000000000000000e+00 4.044953356378902520e-02
1.000000000000000000e+00 9.750637649865055989e-01
0.000000000000000000e+00 -5.950778042953743657e-02
