1.000000000000000000e+00 -1.095835445242413053e+00
0.000000000000000000e+00 -2.054256652311138298e-01
1.000000000000000000e+00 2.981630224195824241e-01
0.000000000000000000e+00 -5.885835296918521392e-02
0.000000000000000000e+00 -1.922880993243196168e-01
1.000000000000000000e+00 4.998121854199717440e-01
0.000000000000000000e+00 2.346813723000839014e-01
0.000000000000000000e+00 -1.248729541945880817e+00
0.000000000000000000e+00 -5.622855657188231548e-01
0.000000000000000000e+00 7.290383768959729505e-01
0.000000000000000000e+00 1.425491050932123360e-01
0.000000000000000000e+00 -3.676960817810435711e-01
0.000000000000000000e+00 -6.743967125613344882e-01
1.000000000000000000e+00 1.104044889988946287e-01
0.000000000000000000e+00 1.084520915592013246e+00
1.000000000000000000e+00 -8.640086292904203269e-01
0.000000000000000000e+00 1.451697414684581799e-01
0.000000000000000000e+00 1.126574294682149008e-01
1.000000000000000000e+00 -9.392746477017142048e-01
1.000000000000000000e+00 -8.174515856615520715e-01
1.000000000000000000e+00 3.537342834359809285e-02
1.000000000000000000e+00 -8.135795708320178177e-01
1.000000000000000000e+00 3.584579500659714202e-01
0.000000000000000000e+00 7.272245786345588048e-02
0.000000000000000000e+00 9.733780817405929264e-02
1.000000000000000000e+00 2.097870570906638921e-01
1.000000000000000000e+00 -4.160600987145766094e-01
1.000000000000000000e+00 -2.998503014673147837e-01
1.000000000000000000e+00 9.776155531812784627e-01
0.000000000000000000e+00 -8.676912382497228293e-01
0.000000000000000000e+00 -4.121262655095890293e-01
1.000000000000000000e+00 5.754938054375930978e-01
1.000000000000000000e+00 -3.181487615240017885e-01
0.000000000000000000e+00 -7.659550435605122498e-01
1.000000000000000000e+00 1.791946976192059227e-01
1.000000000000000000e+00 -5.514286415336958624e-01
0.000000000000000000e+00 -7.028014398755384473e-01
1.000000000000000000e+00 6.523013157743529078e-01
1.000000000000000000e+00 5.865035259995565742e-01
0.000000000000000000e+00 1.002047927759738721e+00
1.000000000000000000e+00 2.350383665189826055e-01
1.000000000000000000e+00 -1.622289934021033941e-01
0.000000000000000000e+00 6.047499806771952091e-01
0.000000000000000000e+00 1.966710922794485950e-01
0.000000000000000000e+00 1.560023240714870918e-01
0.000000000000000000e+00 5.633843722135049026e-01
0.000000000000000000e+00 3.827125452448587595e-01
1.000000000000000000e+00 -1.794406997424073946e+00
0.000000000000000000e+00 6.930990093842438748e-03
1.000000000000000000e+00 1.127724080534590195e-01
0.000000000000000000e+00 -5.494809927657910986e-01
0.000000000000000000e+00 3.538713007039301917e-01
1.000000000000000000e+00 -4.160601153604792102e-01
1.000000000000000000e+00 3.441622803509563067e-01
1.000000000000000000e+00 4.258073623055070311e-01
0.000000000000000000e+00 1.940243702758063238e-01
1.000000000000000000e+00 -4.338148031114940628e-01
0.000000000000000000e+00 -2.097733745566638386e-01
0.000000000000000000e+00 -6.278774449334584284e-01
0.000000000000000000e+00 -6.960096409540880158e-01
0.000000000000000000e+00 -4.751124061494733652e-01
0.000000000000000000e+00 -5.179363751166541352e-01
0.000000000000000000e+00 -1.866363030007605617e-01
1.000000000000000000e+00 4.911233057373475264e-01
0.000000000000000000e+00 -4.965764769258447231e-01
1.000000000000000000e+00 6.055686694585804553e-01
0.000000000000000000e+00 -1.136546783712423458e+00
1.000000000000000000e+00 6.703889921557215636e-01
1.000000000000000000e+00 5.836589112088801379e-01
1.000000000000000000e+00 3.891355824117451179e-01
1.000000000000000000e+00 -9.074754343684036106e-01
1.000000000000000000e+00 -5.302912914705180114e-01
1.000000000000000000e+00 5.982532420914251636e-01
0.000000000000000000e+00 -3.449740153349173388e-01
1.000000000000000000e+00 -3.810938929928882613e-01
1.000000000000000000e+00 9.637587419977113878e-01
1.000000000000000000e+00 4.652461490411078371e-01
1.000000000000000000e+00 3.815908331503259365e-01
1.000000000000000000e+00 -5.059912744000835509e-03
0.000000000000000000e+00 -8.470550961160089321e-02
0.000000000000000000e+00 -2.609431229024006607e-02
1.000000000000000000e+00 2.112269122445375735e-01
1.000000000000000000e+00 -2.985956635087245736e-01
1.000000000000000000e+00 -3.256871569914986941e-01
0.000000000000000000e+00 -4.336586130572941955e-01
1.000000000000000000e+00 -6.324512982440744224e-01
0.000000000000000000e+00 -5.060367983077660586e-03
1.000000000000000000e+00 3.838112404008685585e-01
1.000000000000000000e+00 -5.985162742283935827e-02
0.000000000000000000e+00 -9.675896258680589945e-02
1.000000000000000000e+00 3.852134444284475157e-01
1.000000000000000000e+00 1.465630151206260556e-01
1.000000000000000000e+00 1.714273341114335714e-01
0.000000000000000000e+00 5.604856808132644419e-01
1.000000000000000000e+00 -2.108906831558755024e-01
0.000000000000000000e+00 3.192538234199080449e-01
1.000000000000000000e+00 5.155621467124293922e-01
0.000000000000000000e+00 6.661971451205415118e-01
0.000000000000000000e+00 1.500707520138405138e-01
1.000000000000000000e+00 -1.373242144486010452e-01
1.000000000000000000e+00 -2.306347988177680775e-01
0.000000000000000000e+00 3.136466798645807796e-01
0.000000000000000000e+00 2.130245484370471842e-01
0.000000000000000000e+00 -5.896381052498887998e-01
0.000000000000000000e+00 6.936649189921838266e-02
1.000000000000000000e+00 -1.110551539055847803e+00
1.000000000000000000e+00 -1.818267180863504529e-01
0.000000000000000000e+00 -1.108113423077943915e+00
1.000000000000000000e+00 -5.119531970667597909e-01
0.000000000000000000e+00 -1.617276322760136942e-01
0.000000000000000000e+00 1.326929220708238655e-01
1.000000000000000000e+00 -1.728221119004374751e-01
1.000000000000000000e+00 -2.195928491156515922e-02
0.000000000000000000e+00 3.530505122673237572e-01
0.000000000000000000e+00 -6.175574132529531024e-01
1.000000000000000000e+00 2.109129099571988297e-01
0.000000000000000000e+00 -2.187130133147450195e-01
1.000000000000000000e+00 5.928513122911985844e-01
1.000000000000000000e+00 -5.154949741798461327e-01
1.000000000000000000e+00 8.234584404711909889e-01
1.000000000000000000e+00 -2.802045824980763933e-01
1.000000000000000000e+00 -9.612213538189969819e-01
1.000000000000000000e+00 1.760685168630368169e-01
0.000000000000000000e+00 -2.992496608867549202e-01
1.000000000000000000e+00 5.287936985115448962e-02
1.000000000000000000e+00 -6.186072653297801649e-01
1.000000000000000000e+00 -6.232381891216238340e-02
0.000000000000000000e+00 -3.252510347332283613e-01
1.000000000000000000e+00 4.022830021961476543e-01
0.000000000000000000e+00 -1.094929351766967679e-01
1.000000000000000000e+00 -4.985937617955528145e-01
0.000000000000000000e+00 -1.630408147645070679e-02
1.000000000000000000e+00 3.298130735186338702e-01
1.000000000000000000e+00 -4.766740304457992572e-01
1.000000000000000000e+00 4.296293595054230252e-01
0.000000000000000000e+00 -5.398001380907266333e-02
1.000000000000000000e+00 7.372348743361535339e-01
0.000000000000000000e+00 -4.427477279066806548e-01
0.000000000000000000e+00 2.190793929359417525e-01
1.000000000000000000e+00 2.760623181542302684e-01
0.000000000000000000e+00 2.937299196282515124e-01
1.000000000000000000e+00 1.760199209919111607e-01
0.000000000000000000e+00 -6.107242681124166461e-01
0.000000000000000000e+00 -8.040890319460370916e-01
0.000000000000000000e+00 6.167740220407551544e-01
1.000000000000000000e+00 -3.788690030726118985e-02
1.000000000000000000e+00 -6.225887985056818286e-01
1.000000000000000000e+00 1.421606729744537972e-02
0.000000000000000000e+00 5.501783286806375545e-02
1.000000000000000000e+00 9.634852631003760770e-01
1.000000000000000000e+00 -1.988213986067531025e-01
0.000000000000000000e+00 3.296700754244115683e-01
0.000000000000000000e+00 5.621548389464491313e-01
1.000000000000000000e+00 -4.005233198576593073e-03
1.000000000000000000e+00 -7.700463837048805715e-02
1.000000000000000000e+00 -1.552244651604129944e-01
0.000000000000000000e+00 -9.016566327557060667e-01
1.000000000000000000e+00 4.229777090102750797e-02
0.000000000000000000e+00 -2.789878060706318941e-01
0.000000000000000000e+00 -3.045430965300288118e-01
0.000000000000000000e+00 -3.386177655101082484e-01
1.000000000000000000e+00 -3.567177511799122791e-01
0.000000000000000000e+00 3.040346092967208258e-01
1.000000000000000000e+00 5.694923476600278756e-01
1.000000000000000000e+00 -3.684821801931114638e-01
1.000000000000000000e+00 -4.791616136829769945e-01
0.000000000000000000e+00 -6.416618471330980400e-01
1.000000000000000000e+00 3.062924269383249243e-01
0.000000000000000000e+00 -1.939496773508294636e-01
1.000000000000000000e+00 1.804976890715043886e-02
0.000000000000000000e+00 -1.837929480556509676e-01
0.000000000000000000e+00 -4.091690652523892469e-02
0.000000000000000000e+00 3.156817051495380833e-01
0.000000000000000000e+00 -5.032501715419976929e-01
1.000000000000000000e+00 2.151915940174934649e-01
0.000000000000000000e+00 7.492312723093887961e-01
0.000000000000000000e+00 3.876235413712718625e-01
1.000000000000000000e+00 2.177244625100513073e-02
1.000000000000000000e+00 -6.713796313700663987e-01
1.000000000000000000e+00 3.992426515795997055e-01
0.000000000000000000e+00 -1.158347227073443751e-02
0.000000000000000000e+00 8.848511133916631133e-01
0.000000000000000000e+00 -2.120268496242682862e-02
1.000000000000000000e+00 1.900867513312625712e-01
0.000000000000000000e+00 -4.512943670449960920e-01
1.000000000000000000e+00 7.220760776952066529e-01
0.000000000000000000e+00 -2.805967101416267928e-01
1.000000000000000000e+00 1.070560276487932810e-01
1.000000000000000000e+00 -9.382633130093848139e-01
0.000000000000000000e+00 -1.490280933087151927e-01
0.000000000000000000e+00 6.973836166087838961e-01
1.000000000000000000e+00 -4.876531032725325843e-01
1.000000000000000000e+00 -5.604279649840130384e-01
0.000000000000000000e+00 2.311307485776775417e-01
0.000000000000000000e+00 -8.130613354229659917e-01
0.000000000000000000e+00 -2.689667075971284294e-01
1.000000000000000000e+00 5.299459824216435910e-01
0.000000000000000000e+00 -2.176187780375945791e-01
0.000000000000000000e+00 -7.964162419892857336e-01
1.000000000000000000e+00 -7.932853522292325765e-01
